asams=[0.020496380180781735, 0.07163841910728057]
MMDs: 0.012761104180172848, 0.04610368046544788
number_of_zero_weights=0
