asams=[0.020496380180781735, 0.0016517242836132811]
MMDs: 0.012761104180172848, 0.003610741703731514
number_of_zero_weights=0
